procs -----------memory---------- ---swap-- -----io---- -system-- ------cpu-----
 r  b   swpd   free   buff  cache   si   so    bi    bo   in   cs us sy id wa st
 2  0      0 1600472  85112 1129668    0    0     2     3   19   31  0  0 100  0  0
 0  0      0 1592156  85112 1129668    0    0     0     0  231  342  0  0 99  0  0
 0  0      0 1581824  85112 1129668    0    0     0     0  575  778  0  0 100  0  0
 0  0      0 1571744  85112 1129668    0    0     0     0  164  243  0  0 100  0  0
 0  0      0 1561412  85112 1129668    0    0     0     0  159  243  0  0 100  0  0
 0  0      0 1551080  85112 1129668    0    0     0     0  179  285  0  0 100  0  0
 0  0      0 1541000  85112 1129668    0    0     0     0  515  698  0  1 99  0  0
 0  0      0 1531676  85112 1129668    0    0     0     0  736  978  0  1 99  0  0
 0  0      0 1521596  85112 1129668    0    0     0     0  526  707  0  1 99  0  0
 0  0      0 1511264  85112 1129668    0    0     0     0  381  494  0  1 99  0  0
 1  0      0 1500680  85112 1129668    0    0     0     0  500  613  0  2 97  0  0
 0  0      0 1602496  85112 1129668    0    0     0     0  446  569  0  1 99  0  0
 0  0      0 1602496  85112 1129668    0    0     0     0  345  475  0  0 100  0  0
 1  0      0 1602496  85112 1129668    0    0     0     0  286  456  0  1 100  0  0

